delays:
- delay: 1.1624345363663242
  dest_id: 2
  src_id: 1
- delay: 0.9388243586349925
  dest_id: 3
  src_id: 1
